0,413
0,412
31,2
0,411
0,386
35,52
35,51
35,50
35,49
35,48
35,47
35,46
35,45
35,44
35,43
35,42
35,41
35,40
35,39
35,38
35,37
35,36
17,2
17,1
17,3
15,2
15,1
15,3
16,2
16,1
16,3
13,2
14,2
4,41
4,26
4,17
4,40
4,4
4,69
4,30
4,73
4,75
4,9
4,81
4,19
4,1
4,38
4,2
4,3
6,8
6,4
6,6
6,5
6,1
6,7
6,2
6,3
7,8
7,7
7,10
7,4
7,13
7,9
7,1
7,5
7,2
7,3
5,4
5,2
5,1
5,3
24,1
24,3
27,1
27,3
35,35
31,5
31,4
31,1
31,3
30,4
29,4
0,273
0,270
3,1
3,3
10,282
10,274
10,178
10,242
10,304
10,220
10,286
9,7
8,15
8,16
8,14
30,5
30,3
